-18.4766	-6.43831
-18.4121	-7.31174
-18.8784	-5.74701
-18.7743	-5.43799
-18.6951	-6.63203
-18.7793	-5.43726
-18.8294	-5.94604
-18.8692	-6.76772
-19.0631	-5.65117
-18.3376	-8.2785
-19.1283	-4.93176
-18.4802	-6.92609
-18.4531	-4.64112
-19.1122	-4.3794
-18.3969	-7.20414
-18.7308	-5.89647
-18.4721	-5.72572
-18.9984	-5.31692
-18.7689	-6.8721
-18.9803	-4.6065
-18.8142	-5.51756
-18.8679	-4.21548
-18.655	-5.68458
-18.804	-6.17511
-18.8172	-7.8882
-18.3682	-9.0553
-17.9512	-7.4737
-18.4928	-6.30861
-18.9999	-6.86392
-18.8034	-4.85808
-18.9928	-5.47125
-18.9749	-5.87044
-18.4151	-8.39519
-18.4744	-6.11836
-18.3105	-5.06826
-18.8847	-2.12342
-18.9331	-6.48673
-19.0541	-6.77885
-18.5227	-6.91132
-18.2836	-4.70841
-18.9064	-4.67855
-18.6814	-4.15012
-18.7475	-6.11837
-18.6668	-8.05849
-18.9717	-7.64871
-18.3953	-6.19278
-18.3429	-4.397
-18.8437	-6.02849
-18.4872	-3.13065
-19.0936	-6.30314
-18.2755	-6.38657
-18.4613	-4.07783
-18.7171	-6.59678
-18.9658	-5.07499
-18.6135	-7.51882
-18.3381	-6.0903
-18.217	-5.37267
-18.6395	-4.87077
-18.4893	-5.66283
-18.3265	-6.4751
-17.9736	-6.89549
-18.3526	-7.45453
-18.4798	-5.62986
-18.4464	-10.9889
-18.8253	-4.59773
-18.3215	-8.85432
-18.5686	-6.39517
-18.3698	-4.72903
-18.4553	-7.86328
-18.3757	-5.76347
-18.691	-5.2527
-18.9383	-5.4919
-18.3471	-7.06037
-18.2711	-6.8379
-18.7575	-4.65996
-18.7226	-7.27319
-18.6107	-5.90527
-18.6772	-7.36013
-18.3977	-7.15502
-18.1538	-7.38287
-19.1785	-6.57658
-19.2256	-8.03206
-19.2757	-2.25264
-18.4701	-9.3532
-18.9069	-6.79502
-18.9528	-8.12875
-18.3273	-5.26349
-18.5693	-4.55067
-19.5842	-4.3281
-18.9279	-5.9718
-18.6708	-5.70295
-18.8618	-6.40997
-19.1206	-8.39834
-18.4073	-8.58031
-19.3679	-6.75703
-18.3382	-6.77763
-18.9372	-4.86898
-18.3989	-6.82899
-18.5335	-6.65735
-19.5251	-5.16024
-18.5439	-5.28623
-18.8884	-5.15335
-18.4206	-4.16395
-18.7166	-7.30853
-19.0696	-5.22582
-18.5927	-5.06127
-18.0513	-5.26611
-18.2472	-8.85804
-18.8059	-9.75414
-18.5129	-4.46091
-18.9602	-4.02894
-18.7465	-6.30198
-18.6217	-5.42918
-19.3884	-9.20652
-19.0327	-6.65156
-18.6084	-2.73123
-18.9649	-6.24181
-18.6778	-7.66445
-18.4026	-6.01849
-18.3234	-8.54001
-17.8681	-8.32997
-18.6673	-7.42269
-18.8757	-4.13977
-19.0939	-8.31715
-18.142	-3.84034
-18.7269	-3.11348
-18.4428	-2.85661
-19.158	-8.78535
-18.7649	-6.63338
-18.8316	-6.16121
-19.1707	-8.55224
-19.2223	-6.53316
-19.0074	-2.24284
-18.9952	-5.3983
-18.6908	-5.28396
-18.3378	-3.97438
-18.2354	-3.10073
-18.5148	-7.17684
-18.5577	-6.30515
-18.903	-8.59229
-18.5512	-4.39542
-18.9493	-7.39529
-18.858	-4.18581
-18.3717	-8.94484
-18.3856	-8.15626
-19.0628	-8.2329
-18.3713	-3.29865
-18.3268	-4.74603
-18.5071	-5.02144
-19.0898	-7.67449
-18.2401	-8.33925
-17.873	-6.59971
-18.8844	-6.65692
-18.3421	-5.27707
-19.1002	-10.7391
-17.9975	-5.30798
-18.2556	-7.56162
-18.0346	-2.58531
-18.3113	-6.80938
-18.3989	-5.22196
-18.5348	-4.23615
-18.8174	-6.38564
-19.1327	-5.14525
-18.2442	-6.02196
-18.6599	-1.97487
-18.6026	-6.24488
-18.5551	-2.47483
-18.0639	-4.87151
-18.2483	-6.31979
-18.729	-4.15767
-18.7346	-8.22578
-18.8482	-8.72049
-18.4252	-5.64638
-18.5529	-7.79815
-18.3182	-6.29894
-19.1925	-7.35258
-18.5412	-5.30083
-18.709	-2.15969
-18.7146	-6.03621
-18.5139	-4.77103
-18.3599	-4.53443
-18.6559	-6.89572
-18.6689	-6.59647
-18.9425	-4.73435
-18.714	-1.61375
-18.4917	-8.2336
-18.1002	-6.06595
-18.0651	-6.21017
-18.3557	-5.94957
-18.6753	-6.03622
-18.8384	-7.59954
-18.4962	-7.18639
-18.8496	-4.5288
-18.8877	-8.80313
-18.1738	-7.80584
-18.6632	-4.7772
-17.8919	-7.21288
-18.0226	-9.25882
-18.8759	-2.82322
-18.5124	-4.86655
-19.2131	-5.20448
-19.0663	-3.52904
-18.1332	-5.29934
-18.2944	-9.50879
-18.4804	-8.07114
-18.7542	-3.76013
-18.1326	-3.1958
-18.61	-6.99785
-18.6777	-7.08772
-19.399	-6.57549
-18.548	-3.88667
-19.1319	-4.92485
-19.0427	-3.8524
-18.7967	-7.40557
-19.0559	-6.22801
-18.5722	-2.09569
-18.727	-5.58028
-18.3596	-4.04573
-18.2095	-4.32275
-18.1498	-3.87985
-18.8867	-5.06236
-18.7889	-5.62877
-18.8321	-5.87078
-18.5554	-3.8975
-18.268	-6.22975
-19.3044	-6.3653
-19.3268	-8.05165
-18.9514	-8.78837
-18.0429	-7.3752
-19.0732	-3.75193
-18.3433	-8.85284
-18.6559	-8.42685
-18.5563	-5.72916
-19.0835	-5.01683
-19.1434	-8.63764
-18.986	-8.39679
-19.1413	-9.91226
-18.4351	-6.85238
-18.4564	-6.76933
-18.4051	-6.46155
-18.0092	-5.30771
-18.7039	-7.88271
-18.7242	-6.02033
-18.8426	-4.60794
-19.2821	-7.90988
-17.5894	-6.28848
-18.5035	-7.74785
-17.9204	-6.519
-18.5287	-8.16489
-18.5527	-5.52877
-19.0394	-0.955181
-19.7546	-6.79096
-18.786	-5.74015
-18.5714	-5.08361
-18.4931	-7.00822
-18.5056	-6.54221
-18.6596	-6.46726
-18.8409	-7.28768
-17.9112	-4.8607
-18.764	-6.10553
-19.0188	-4.14323
-19.1635	-2.92955
-18.2669	-3.05294
-18.6428	-7.49658
-18.4261	-6.938
-18.5508	-3.91678
-18.6043	-7.2253
-18.1802	-5.91258
-18.6713	-6.87969
-18.9421	-9.21236
-18.0939	-4.6468
-18.7641	-7.2715
-18.5721	-6.01244
-18.3453	-3.26174
-18.1607	-4.8263
-18.4542	-7.74165
-18.6111	-6.63473
-18.7805	-4.8055
-18.8712	-5.70129
-18.8917	-4.78256
-19.1537	-2.41494
-18.8229	-5.16257
-18.8149	-2.16658
-19.0388	-6.62538
-18.5266	-7.02054
-18.456	-4.1286
-18.7848	-4.39614
-18.9232	-5.56899
-17.9355	-6.71145
-18.6096	-5.12175
-18.7825	-5.51077
-17.6402	-3.02211
-18.6242	-5.07386
-19.1526	-7.26232
-18.5921	-5.51121
-18.2874	-8.14545
-18.4632	-7.7938
-18.9363	-4.44286
-18.894	-5.66147
-18.7191	-3.97105
-18.3384	-9.54136
-18.3682	-2.03217
-18.8401	-2.32119
-18.461	-7.88971
-18.5085	-4.40238
-18.8768	-5.69117
-18.6847	-6.45159
-18.1007	-9.59632
-18.1949	-3.75747
-18.4762	-6.45671
-18.1029	-4.78192
-18.9859	-7.99533
-18.9728	-5.13636
-18.4538	-7.73578
-18.8078	-4.90087
-18.37	-5.14859
-19.5533	-5.02273
-18.6367	-4.44471
-18.3944	-8.1437
-18.4713	-6.5427
-18.7933	-8.63542
-18.5541	-5.27117
-17.8406	-5.84974
-18.5177	-6.34241
-17.9385	-6.03275
--
20.7963	0.969528
17.2299	1.03685
17.1434	-0.427368
20.7564	1.13842
16.5404	1.35728
17.9944	1.17796
16.4954	2.7793
17.4187	-1.5849
17.6524	1.08112
16.8404	-1.78889
19.5874	-0.473867
19.6108	0.362917
14.9293	0.522189
20.3658	-0.403665
18.9151	-0.785848
17.113	-1.07183
18.7626	-1.06473
17.9438	1.46257
17.9421	-0.872304
19.7924	0.0543784
20.3529	2.65972
19.7117	-0.251589
19.6232	-0.157369
16.5246	0.0614309
18.1713	0.626812
17.647	0.170432
19.6593	0.7348
16.3746	0.581138
18.4682	0.354255
20.2195	-0.0598771
18.9113	-0.655822
18.5025	-0.0586341
17.5421	2.67162
18.8927	1.05601
19.1718	-0.467363
17.9831	-1.16669
19.0433	0.315305
18.626	-1.4471
18.681	1.21884
20.0524	1.62047
17.2011	-0.383514
17.2342	-0.87839
18.1237	1.7966
18.384	-0.780077
19.5007	1.41334
18.1634	-0.325504
19.8714	-0.0426893
18.2049	0.388139
17.5034	0.0783184
18.3226	0.377478
16.6452	1.8283
19.1221	1.03691
19.0583	1.91026
17.8346	2.33379
17.2654	2.04897
17.1521	2.46568
20.0978	2.0323
19.9968	-0.0549965
19.6405	-0.154897
16.5985	1.16441
18.5407	1.42893
17.7636	1.74458
17.5476	0.0533327
16.9789	0.666529
15.6697	-0.146346
17.2531	0.982813
18.4302	-2.48872
17.3794	0.336073
21.1404	1.63828
20.6736	0.723878
17.3239	-1.23607
20.9404	-0.164302
18.8488	-0.792152
18.0112	-1.15057
19.6199	-1.49729
17.9963	0.884851
18.9599	1.18479
15.9891	-0.56275
18.2992	0.581847
16.6872	0.40669
14.7472	1.61033
17.8398	0.520932
17.679	0.490147
19.8131	0.618383
18.113	2.86351
18.0324	1.78484
17.5958	1.0619
19.227	2.02409
17.7908	1.28091
17.9488	-1.24843
20.1583	-0.891963
16.7768	0.550391
18.1724	0.447065
18.393	-0.553033
17.4038	0.676141
16.8314	1.2271
17.4652	1.24681
18.7932	3.2855
19.6732	1.75525
21.6638	0.176442
17.909	0.45615
16.7843	1.06733
18.5011	3.59157
18.7533	0.598947
15.6413	-1.0475
20.3277	0.32582
16.9904	0.480414
19.2677	-0.801876
15.6511	0.134222
17.018	0.656734
19.3602	-0.0730674
18.7143	2.2745
18.3096	1.74757
18.9841	-1.32348
18.9613	0.400102
19.1497	-0.540407
19.2316	1.82146
19.7503	-1.94586
18.4948	0.117357
17.4423	1.61221
18.7248	-0.396644
16.9845	0.0612987
15.1666	0.0141995
18.7555	1.67899
18.1876	-0.277484
19.4565	-1.02618
16.3778	0.553118
18.6743	-4.37255
19.4563	-0.418183
15.5584	1.17092
17.9731	1.39466
18.4274	0.252467
19.1745	0.14676
18.6142	-0.0205151
16.4852	-0.110212
19.4312	0.294289
18.2813	0.903135
19.1067	0.228283
19.9676	2.94732
17.2391	-0.937289
18.1717	-1.14595
18.1813	0.283554
19.3997	1.95106
16.8364	0.834939
15.6415	1.57115
18.7679	2.04105
19.5153	-0.569528
19.1832	-2.06646
19.9731	0.188577
18.2221	0.631581
20.5891	-0.234742
18.5662	1.98401
18.1907	-1.23553
16.683	1.44321
18.2195	-0.262605
20.1955	0.288234
17.4082	-0.287862
17.2733	-0.636033
16.8769	-0.850652
20.657	0.954939
15.9997	0.869073
17.5391	2.7404
15.8691	-0.496756
16.6666	0.626323
19.8744	0.907337
21.8934	-1.1359
20.4484	2.86271
16.1162	1.23039
19.999	1.37933
18.0559	0.264197
19.1947	1.14461
18.628	1.09523
16.787	3.63833
17.5382	1.20359
19.8698	-1.22567
18.1468	0.707323
17.9863	-0.476252
19.5164	0.650728
19.2214	-0.304892
20.1269	0.562597
19.4309	3.10947
15.74	-0.637346
19.0003	0.941568
18.0345	1.86664
17.9798	-0.663872
18.4318	-0.0376374
14.9562	0.852944
19.0116	-0.358606
15.4937	0.967516
18.1374	-0.869021
19.2014	0.211775
18.0884	1.92291
22.0353	3.06263
16.0423	-0.967934
17.0222	-0.899685
16.5217	2.16176
17.6483	-0.024562
19.8935	-0.878313
20.8956	0.254339
20.4671	0.46901
17.7635	-0.771905
20.0966	-0.653796
18.3287	2.94547
17.7417	1.83031
17.036	2.2303
19.0866	0.166092
20.7396	1.58102
18.859	0.358396
17.5977	-1.10886
15.4405	1.48192
17.1465	0.547524
18.0977	2.24054
18.2717	1.02265
19.4149	2.22238
19.9007	0.671167
18.0327	2.09595
20.6225	-0.697692
17.9844	-0.579916
19.7822	0.00159016
14.6031	0.772353
19.9475	1.51843
17.9866	0.798694
18.9522	0.938972
19.357	0.420142
18.0864	3.88106
14.6054	0.966594
17.0682	1.41146
15.3446	-2.43373
19.8611	2.91734
17.7635	1.08734
16.9311	-0.140027
14.5913	-2.17562
20.2251	2.92165
16.3854	1.40132
16.8498	0.0690617
18.942	0.418923
19.7249	2.50806
19.2162	2.15044
19.7136	0.351053
17.9854	1.8962
18.1217	2.04243
14.6572	-0.371565
18.613	-0.725877
17.0934	-0.955534
18.5986	-0.132205
17.0425	-0.529032
18.0983	-0.559543
17.3644	-0.357284
17.4491	-0.163707
17.7274	-0.761273
15.5341	2.60117
19.5611	0.34924
17.7669	0.462259
14.8652	-0.263704
18.3253	1.6868
19.3705	0.162379
16.9445	0.0232591
20.2737	1.91105
21.6577	-1.03934
17.673	1.30953
16.5326	2.9435
20.7343	0.748164
19.7616	0.191306
20.9073	1.3278
19.6347	-0.809383
18.5738	1.69165
18.163	-1.88835
17.2563	-0.183479
19.6723	1.60414
18.1996	0.112649
20.2327	0.342308
18.5494	2.57649
19.0694	1.00397
18.5322	0.129228
16.0416	0.775203
17.5345	-0.090282
22.9611	2.02989
18.4451	2.33372
19.1642	1.68654
18.0333	0.638832
18.6389	-0.401968
15.931	0.23658
19.9245	0.307577
18.3789	0.823495
15.8588	-0.723069
17.4532	1.24413
20.139	0.831374
18.7873	-1.04802
19.0987	0.111522
18.1382	1.04755
17.9185	2.37097
17.7303	-1.95532
17.746	0.03717
17.1535	1.07435
19.3769	-3.18262
20.0195	-1.03748
21.216	-1.06087
19.3817	-1.36436
17.5296	-0.284948
18.6636	1.49913
21.757	2.90007
19.028	0.631448
17.795	-0.618259
19.8715	-0.769322
19.1941	2.00249
19.2061	1.83005
20.0065	-1.16822
19.7178	2.50419
20.4482	1.36463
15.1917	0.652031
17.4761	-0.950658
19.7233	1.5354
19.1488	1.32583
19.9418	1.49415
19.6822	1.05029
18.8075	-0.0392201
18.5576	2.00173
21.098	0.691018
17.0191	0.968471
16.5248	1.58352
19.1691	0.373264
17.1422	2.92382
17.603	3.90912
18.7139	2.51187
18.1892	0.527047
21.1882	3.89527
16.1636	-0.223565
18.9908	-0.493925
19.3153	0.366655
18.7653	1.02187
17.4071	0.412857
18.2221	0.168229
22.4429	-0.659883
19.7451	-0.800173
16.9296	2.20641
20.5702	2.93386
18.6052	0.46604
17.9756	-0.173058
20.675	1.01807
21.507	-0.0489056
18.2282	0.558151
16.9861	0.00717171
17.8284	2.08712
16.4586	0.986858
19.2506	1.10337
--
-1.18577	12.06
-7.82936	7.61484
-3.10563	12.5215
-5.52526	9.10525
-3.75793	7.50505
-1.03843	8.69398
-7.66307	6.68192
-3.38542	10.927
-4.25207	5.51739
-4.95037	8.41999
-6.50341	10.254
-4.08984	10.1448
-4.5843	7.08362
-5.32499	6.62283
-5.53048	5.85121
-6.92945	9.53184
-5.0865	6.59189
-6.23452	9.07587
-2.89208	11.7567
-5.88228	12.0356
-6.99378	8.01961
-5.07346	8.96971
-4.73402	8.87668
-4.29726	6.87674
-5.97207	3.97973
-5.07035	8.11865
-3.93257	10.0493
-4.53375	10.8542
-3.58431	8.38796
-7.07964	7.56713
-2.0258	11.463
-5.14339	9.42756
-5.85942	11.5716
-2.90098	11.0195
-2.86031	9.77922
-5.2838	10.8447
-5.26157	10.506
-3.91794	6.86828
-2.62083	12.0863
-7.41442	8.42506
-1.341	10.919
-5.77683	9.35214
-5.75843	9.22491
-6.13367	11.0882
-3.51512	8.60609
-3.02204	9.30675
-2.69068	10.064
-1.4288	12.5632
-4.57584	10.5526
-3.32314	10.6592
-8.68562	12.8248
-2.58063	7.81259
-5.11862	9.16986
-2.38566	9.06264
-3.43835	9.18574
-6.22833	10.2527
-5.9428	7.84748
-3.27396	10.9927
-3.83976	9.10962
-4.17992	9.00197
-3.47969	4.65959
-6.42431	9.96712
-6.83245	12.174
-1.98717	8.68912
-5.15066	10.5727
-5.22089	10.5288
-2.91421	8.87651
-6.82676	9.2686
-4.42637	5.95929
-4.40273	10.48
-3.32508	10.5401
-5.31192	6.28179
1.57781	8.27854
-7.14402	11.7886
-3.04878	10.6052
-4.48512	7.45555
-4.10357	9.44292
-3.74454	8.33578
-5.10092	12.583
-2.84215	11.4311
-9.25474	9.56294
-6.70695	9.67197
-4.49803	13.332
-4.39784	7.61476
-4.15145	6.61553
-6.20508	11.3918
-2.38814	8.7309
-3.57406	12.3539
-5.2447	7.15891
-3.29317	10.5952
-4.96557	10.502
-7.26321	6.21165
-3.21412	9.91261
-3.65663	9.76943
-5.72378	9.42409
-8.71176	6.51771
-3.74028	11.2636
-2.20178	7.46541
-2.53785	7.62234
-2.89084	7.04621
-2.18077	7.99705
-0.997499	10.6821
-5.09326	8.95955
-5.09537	11.3842
-4.56014	9.97726
-5.97815	8.40132
-4.98265	9.66619
-3.03168	10.1809
-5.38195	8.8713
-1.95021	8.81489
-3.3749	10.9358
-4.03238	8.38834
-2.89014	7.31714
-2.13645	9.65201
-8.26343	9.57236
-2.89285	8.12599
-6.6959	14.7336
-3.09511	9.06256
-4.0739	12.8761
-1.23812	9.53629
-7.18499	6.11485
-3.98158	6.61166
-4.72542	10.3288
-3.22253	8.41395
-5.06582	13.3348
-5.08207	9.61045
-2.182	8.27378
-4.72109	9.76437
-3.40937	7.05244
-3.33316	10.1484
-4.42976	9.40438
-2.64816	12.4187
-5.69434	6.51856
-4.18556	9.71181
-4.26234	8.28642
-3.35616	8.07385
-4.17319	6.52325
-7.37558	9.86867
-2.23396	10.6334
-8.27213	7.03735
-3.45637	12.072
-6.85716	8.99219
-3.4751	8.66207
-7.64831	6.51525
-6.08941	7.7758
-6.37818	4.11667
-6.85015	8.42723
-7.79678	11.2177
-2.42113	6.24533
-4.49939	10.9548
-5.10155	10.3247
-5.23661	9.89266
-2.84374	11.5813
-4.51199	9.82954
-7.34981	11.716
-2.81197	8.71306
-5.82291	8.22341
-6.55762	7.97709
-3.52457	8.2879
-4.31806	7.01616
-3.81737	12.943
-4.13018	13.1656
-3.27861	10.0533
-6.1858	13.3442
-3.15805	10.9478
-6.95294	12.2751
-5.29568	10.0794
-4.41512	9.65703
-4.44148	6.93442
-1.96307	9.97153
-6.88457	8.76981
-6.26366	8.06429
-4.95763	11.9792
-3.52775	11.3202
-5.88872	11.8169
-0.630987	11.249
-6.88703	8.86171
0.477324	9.71188
-3.37542	10.1798
-4.7065	9.92354
-4.03284	10.3073
-5.00287	12.0277
-4.49431	8.0709
-6.83068	7.71875
-3.58343	6.89199
-3.09196	6.76488
-0.487181	9.38104
-5.04612	10.3811
-3.83097	8.95988
-3.39684	12.0211
-5.94602	10.1836
-2.43745	11.3733
-3.95843	8.56928
-8.62182	9.30196
-3.32698	10.1648
-4.29441	8.33075
-4.65477	11.0113
-3.82486	13.839
-6.29954	8.81328
-4.52529	10.8195
-2.5788	8.12704
-5.71141	11.739
-3.71478	12.3531
-4.17809	7.3927
-3.99612	10.202
-2.79638	11.5639
-2.41904	12.0705
-8.41717	8.52655
-7.48471	8.3311
-3.76924	9.6495
-3.93302	6.42247
-7.27748	8.15446
-2.07715	9.96156
-4.47815	8.59456
-2.13863	10.1838
-7.21853	11.8993
-6.17067	6.79733
-6.17406	9.56649
-2.14619	8.0888
-5.04563	10.4884
-5.62782	6.59519
-1.39266	11.3471
-8.02326	10.8103
-1.60107	10.2175
-7.02295	10.9029
-4.95414	7.90618
-3.3665	9.24957
-1.10216	8.84431
-5.51904	8.38186
-1.34442	9.212
-4.9425	10.12
-11.0156	9.02062
-6.05401	8.6052
-3.95002	7.13645
-2.76213	8.16532
-5.59479	8.63541
-7.10863	11.3047
-4.14315	9.75474
-2.59719	9.18287
-5.75856	10.3298
-1.72868	11.0507
-4.33616	8.70466
-4.46637	7.12053
-5.79417	11.2654
-4.06861	10.578
-6.09251	10.7081
-5.38113	8.87339
-6.54534	10.2148
-3.30547	11.6242
-1.27568	7.84394
-3.17096	9.82967
-6.06418	8.03534
-7.44833	6.93988
-3.12686	10.5038
-1.90193	10.2651
-3.32818	6.06825
-6.24863	8.1138
-2.08725	11.0793
-3.51832	8.8183
-1.67999	7.79181
-3.40229	8.65606
-5.2743	12.141
-3.94518	13.0984
-2.58467	10.7437
-4.88187	10.5972
-4.47577	11.9941
0.586646	7.06701
-1.10334	11.1862
-4.93503	8.28054
-3.55405	10.7855
-5.34632	12.7734
-3.06174	9.75186
-4.84401	5.54602
-4.46926	12.6797
-8.34403	12.9169
-7.15327	9.30112
-5.5575	8.40447
-5.40041	7.12282
-5.55811	9.26723
-4.71839	11.8603
-6.8105	9.09513
-7.20408	7.99163
-2.35363	11.4294
-3.02433	10.9704
-3.13133	9.00108
-7.86115	9.79313
-3.5308	8.71794
-6.92196	8.82246
-3.62263	9.68235
-6.50346	9.74476
-2.9902	5.27853
-5.90369	8.79393
-4.41513	9.08282
-1.17303	9.02468
-3.60172	10.565
-3.21693	7.84878
-9.10471	11.1639
-6.15903	6.64081
-1.93348	7.42132
-6.13283	8.19093
-4.18226	12.7345
-3.56608	6.33148
-2.12173	8.24661
-3.38266	9.5811
-2.49553	12.1209
-3.4452	9.37526
-5.77284	10.5197
-2.81319	8.42654
-4.95607	11.1071
-2.0564	9.13814
-5.49072	6.89955
-1.80078	6.90989
-6.1207	6.45503
-4.81473	7.90915
-2.61027	7.48854
-5.08176	6.97569
-5.3401	8.69629
-3.05375	10.4428
-4.44308	6.80391
-3.35745	9.88685
-5.75615	9.19323
-4.97741	9.14204
-4.5667	9.97091
-2.59768	14.9108
-4.64278	13.5733
-3.99146	7.57409
-7.33792	8.97113
-4.29635	8.47816
-5.31188	7.40247
-3.5992	11.212
--
